"Epic","Feature","Story","FAILED","BROKEN","PASSED","SKIPPED","UNKNOWN"
"","Board","Verify that a board can be created in a workspace","0","0","1","0","0"
"","List","Verify that a list can be created in a Board","0","0","1","0","0"
"","","","0","0","1","0","0"
"","List","Verify that a list can be archived","0","0","1","0","0"
"","Board","Create a new Board with one character for the name","0","0","1","0","0"
"","Workspace","Verify that a Workspace can't be created with an empty display name","0","0","1","0","0"
"","Workspace","Verify that a workspace can be created","0","0","1","0","0"
"","Login","Login successful","0","0","1","0","0"
